1 0 0000 00000000 0 пробел
2 1 0001 00000001 1 !
3 2 0002 00000010 2 "
4 3 0010 00000100 4 #
5 4 0011 00000101 5 $
6 5 0012 00000110 6 %
7 6 0020 00001000 8 &
8 7 0021 00001001 9 ‘
9 8 0022 00001010 A (
10 9 0100 00010000 10 )
11 10 0101 00010001 11 *
12 11 0102 00010010 12 +
13 12 0110 00010100 14 ,
14 13 0111 00010101 15 -
15 14 0112 00010110 16 .
16 15 0120 00011000 18 /
17 16 0121 00011001 19 0
18 17 0122 00011010 1A 1
19 18 0200 00100000 20 2
20 19 0201 00100001 21 3
21 20 0202 00100010 22 4
22 21 0210 00100100 24 5
23 22 0211 00100101 25 6
24 23 0212 00100110 26 7
25 24 0220 00101000 28 8
26 25 0221 00101001 29 9
27 26 0222 00101010 2A :
28 27 1000 01000000 40 ;
29 28 1001 01000001 41 <
30 29 1002 01000010 42 =
31 30 1010 01000100 44 >
32 31 1011 01000101 45 ?
33 32 1012 01000110 46 @
34 33 1020 01001000 48 A
35 34 1021 01001001 49 B
36 35 1022 01001010 4A C
37 36 1100 01010000 50 D
38 37 1101 01010001 51 E
39 38 1102 01010010 52 F
40 39 1110 01010100 54 G
41 40 1111 01010101 55 H
42 41 1112 01010110 56 I
43 42 1120 01011000 58 J
44 43 1121 01011001 59 K
45 44 1122 01011010 5A L
46 45 1200 01100000 60 M
47 46 1201 01100001 61 N
48 47 1202 01100010 62 O
49 48 1210 01100100 64 P
50 49 1211 01100101 65 Q
51 50 1212 01100110 66 R
52 51 1220 01101000 68 S
53 52 1221 01101001 69 T
54 53 1222 01101010 6A U
55 54 2000 10000000 80 V
56 55 2001 10000001 81 W
57 56 2002 10000010 82 X
58 57 2010 10000100 84 Y
59 58 2011 10000101 85 Z
60 59 2012 10000110 86 [
61 60 2020 10001000 88 \
62 61 2021 10001001 89 ]
63 62 2022 10001010 8A ^
64 63 2100 10010000 90 _
65 64 2101 10010001 91 `
66 65 2102 10010010 92 {
67 66 2110 10010100 94 |
68 67 2111 10010101 95 }
69 68 2112 10010110 96 ~
70 69 2120 10011000 98 
71 70 2121 10011001 99 
72 71 2122 10011010 9A 
73 72 2200 10100000 A0 
74 73 2201 10100001 A1 
75 74 2202 10100010 A2 
76 75 2210 10100100 A4 
77 76 2211 10100101 A5 
78 77 2212 10100110 A6 
79 78 2220 10101000 A8 
80 79 2221 10101001 A9 
81 80 2222 10101010 AA 
