0   0000   00000000   0   
1   0001   00000001   1   пробел
2   0002   00000010   2   !
3   0010   00000100   4   "
4   0011   00000101   5   #
5   0012   00000110   6   $
6   0020   00001000   8   %
7   0021   00001001   9   &
8   0022   00001010   a   ‘
9   0100   00010000   10   (
10   0101   00010001   11  )
11   0102   00010010   12  *
12   0110   00010100   14  +
13   0111   00010101   15  ,
14   0112   00010110   16  -
15   0120   00011000   18  .
16   0121   00011001   19  /
17   0122   00011010   1a  0
18   0200   00100000   20  1
19   0201   00100001   21  2
20   0202   00100010   22  3
21   0210   00100100   24  4
22   0211   00100101   25  5
23   0212   00100110   26  6
24   0220   00101000   28  7
25   0221   00101001   29  8
26   0222   00101010   2a  9
27   1000   01000000   40  :
28   1001   01000001   41  ;
29   1002   01000010   42  <
30   1010   01000100   44  =
31   1011   01000101   45  >
32   1012   01000110   46  ?
33   1020   01001000   48  @
34   1021   01001001   49  a
35   1022   01001010   4a  b
36   1100   01010000   50  c
37   1101   01010001   51  d
38   1102   01010010   52  e
39   1110   01010100   54  f
40   1111   01010101   55  g
41   1112   01010110   56  h
42   1120   01011000   58  i
43   1121   01011001   59  j
44   1122   01011010   5a  k
45   1200   01100000   60  l
46   1201   01100001   61  m
47   1202   01100010   62  n
48   1210   01100100   64  o
49   1211   01100101   65  p
50   1212   01100110   66  q
51   1220   01101000   68  r
52   1221   01101001   69  s
53   1222   01101010   6a  t
54   2000   10000000   80  u
55   2001   10000001   81  v
56   2002   10000010   82  w
57   2010   10000100   84  x
58   2011   10000101   85  y
59   2012   10000110   86  z
60   2020   10001000   88  [
61   2021   10001001   89  \
62   2022   10001010   8a  ]
63   2100   10010000   90  ^
64   2101   10010001   91  _
65   2102   10010010   92  `
66   2110   10010100   94  {
67   2111   10010101   95  |
68   2112   10010110   96  }
69   2120   10011000   98  ~
70   2121   10011001   99   
71   2122   10011010   9a   
72   2200   10100000   a0   
73   2201   10100001   a1   
74   2202   10100010   a2   
75   2210   10100100   a4   
76   2211   10100101   a5   
77   2212   10100110   a6   
78   2220   10101000   a8   
79   2221   10101001   a9   
80   2222   10101010   aa   
